0962946225
0765598969
0912301103
0358390238
0776184100
0918885185
0962375231
0771364244
0826558392
0399310172
0796899665
0946437693
0962704718
0899633946
0855746943
0376784717
0791649173
0945747942
0322436553
0763450614
0816268257
0399649121
0763960705
0944642202
0348732090
0898586410
0847398519
0392195544
0934831580
0842854193
0376325670
0892509981
0852452128
0335158486
0938126487
0814592838
0354039369
0775725666
0823882394
0383862627
0768419527
0829157167
0328057532
0785821728
0812826556
0987253738
0895472193
0944909092
0962403171
0762099318
0859059673
0377679223
0799237073
0885206912
0398255332
0791281511
0917084713
0382386787
0893628461
0822488086
0391456088
0841996394
0394419475
0857887009
0965503442
0906096426
0323205265
0707674838
0853887009
0375883839
0831245001
0388272279
0772728924
0857971616
0866828973
0763824070
0845323334
0341262101
0933896749
0818843864
0399120007
0843981046
0868100353
0787906991
0817820197
0962881402
0899179589
0814523539
0864053887
0832136647
0983370857
0904345050
0827127591
0701124142
0917138403
0973429222
0909844601
0881425922
0797226154
0948935869
0387528475
0702797959
0854285112
0393268672
0781078354
0828745033
0333978833
0767783019
0813814736
0799463871
0945010699
0869483796
0908370233
0818105142
0978666614
0787600345
0834122249
0894695746
0818422612
0864046157
0705457264
0813691709
0397805330
0896010133
0917087924
0868915507
0776156442
0841396233
0376125058
0763958713
0838726301
0387335007
0791942611
0384067445
0766614855
0397887557
0706531761
0834019436
0383919141
0896661143
0863078054
0761282683
0843349361
0789015500
0944322429
0337500174
0908938754
0837037909
0398475667
0789199486
0842548678
0896280617
0816170762
0337142538
0938468946
0948447596
0346483939
0701307860
0816903715
0969799808
0896250604
0814356353
0331686639
0769379318
0884863714
0361396436
0703593810
0829481434
0321135773
0933886080
0841276889
0396228577
0936851698
0854983607
0359216322
0904180738
0827151831
0328547509
0709879309
0832270399
0394156155
0701058499
0917013471
0355507435
0891974607
0911848937
0374816974
0896422661
0943791909
0375144206
0766580124
0949491906
0988981981
0797127261
0947402149
0351076072
0939607963
0835489724
0979496881
0904744517
0884718160
0325704597
0785926613
0843738912
0961086667
0779502972
0851222488
0357551522
0762425640
0941906215
0337149084
0893092066
0882930826
0366263056
0761524078
0829519552
0347578563
0792568948
0822877598
0975112461
0703638700
0919409211
0706079040
0817502661
0398862913
0701774257
0884864568
0974501702
0794578171
0333666560
0781719592
0812461714
0987810745
0776380714
0941225733
0965370817
0768601845
0887623694
0348345714
0903592600
0856885082
0964521827
0783219160
0841630820
0359803202
0705485450
0826970707
0379100025
0763668857
0882134123
0329264185
0908050341
0832235616
0353474798
0938588960
0349237937
0796112179
0839555582
0769380785
0847526825
0328705354
0702454251
0814569194
0982187562
0909210274
0325026061
0847030834
0384536213
0705623989
0857064444
0381305505
0932943851
0823792541
0978126340
0779327067
0832379773
0903714537
0916815396
0863875203
0707206140
0979744418
0784918561
0914329335
0382466716
0855034781
0341416269
0894352497
0836761676
0794615602
0919731115
0333089670
0777603626
0917510736
0356612104
0765286177
0889292022
0964511243
0789269464
0945124287
0388749619
0763271343
0385015817
0705887031
0888911232
0349029742
0775896350
0826811660
0961778264
0769137223
0883840213
0359123409
0761928190
0842930398
0374919512
0937943718
0911198401
0392626607
0893051452
0949170070
0774492254
0813945326
0329177181
0787142160
0852494120
0963271597
0782193649
0919483240
0377560664
0897582781
0833323195
0372769348
0782193591
0842008981
0346325412
0785864093
0886914548
0968038641
0775351397
0882994268
0965921312
0899296306
0812499952
0374623606
0909422889
0385508770
0774685658
0889320853
0338160019
0903091310
0912145978
0974903160
0794157340
0883294553
0343659615
0794732220
0836873557
0982102712
0764601514
0882236293
0864112645
0791896578
0889578668
0784284713
0811837470
0967992737
0934386934
0844390159
0966499813
0816741128
0346373362
0776685972
0816289866
0396535177
0789556518
0918976538
0373347000
0778814582
0839155515
0339484506
0766629809
0919931970
0363573934
0832892312
0363971091
0797145837
0839203209
0364470410
0787672993
0918795595
0347719885
0708881116
0826163913
0399970113
0897991196
0838226492
0361421937
0796156939
0848807450
0366911014
0708582736
0355787052
0893881777
0912279477
0349555613
0776793999
0947826399
0382485293
0786001665
0883399810
0393734908
0897052739
0379836169
0796201733
0883879165
0365206567
0799823219
0813704262
0321477429
0938060695
0889362390
0382892430
0904317751
0946041575
0867083110
0789446646
0887133895
0393668849
0706375913
0949880231
0967543002
0783415123
0888760527
0709244009
0854358777
0976016417
0936642829
0947877580
0867339555
0797661783
0835632183
0865198851
0708349579
0946644841
0357410121
0777388908
0817133880
0325498147
0793745539
0942898579
0392409993
0704730156
0858496686
0368762745
0769813992
0881638439
0986534674
0896773425
0843008464
0353129557
0767331378
0852665913
0375190173
0771035889
0884687844
0394216061
0776631433
0948485459
0972578921
0769490142
0831486211
0377253079
0891398235
0884897413
0371469097
0778681768
0883451100
0981815706
0913385135
0393883678
0884827456
0357178600
0797626677
0917492417
0341353382
0762218692
0844927813
0372184008
0907771857
0829642152
0326438091
0816889648
0342382582
0769029851
0821514448
0335014937
0773437727
0889901284
0987122341
0822936433
0327664291
0705041325
0859467217
0864544848
0906771924
0848987371
0336824992
0785066761
0946637582
0371417301
0896272800
0834937951
0325918682
0895313785
0915538584
0321811812
0892510624
0981045365
0905020451
0942495800
0398595715
0895680862
0849217650
0348317273
0793532564
0817013614
0978477307
0817496993
0341692003
0906099808
0844169170
0326965225
0904472764
0847224152
0376750396
0896814152
0911766713
0327075710
0704133657
0885231146
0961172448
0704461858
0817348201
0973850165
0901288628
0946787525
0398237496
0966562640
0798774664
0987660901
0707742440
0913562114
0343748896
0781046036
0832564163
0961778415
0904309526
0845335697
0379310063
0777588238
0818565455
0331714425
0762126117
0371940048
0772646598
0885449861
0345621674
0799976143
0814424426
0356706521
0783020331
0851918730
0397561369
0908544767
0842235328
0973917061
0778229188
0947912332
0378939966
0785170683
0913974957
0866618031
0904177933
0838746629
0327084117
0894259863
0836301228
0393263604
0768403004
0847776345
0375552586
0791948560
0822315283
0762746577
0829687410
0384223890
0908634756
0942369418
0346692896
0762948734
0941337670
0869915659
0784354133
0814090217
0341469681
0788052151
0832616048
0345950593
0762647289
0839735456
0373821732
0905612867
0837095999
0323832212
0896762201
0815540016
0384639079
0814411544
0377493764
0931613529
0911606080
0337644572
0936683267
0813796985
0323162092
0931961685
0334905128
0706657179
0946498420
0334096724
0934256759
0811281691
0944943053
0964882163
0707396954
0913743748
0368136948
0897491088
0943681723
0863078864
0795947546
0834592927
0397123613
0931185653
0811847508
0976094489
0765751259
0888209731
0361585446
0896132443
0947735096
0385862571
0765802734
0845825638
0865154208
0945024497
0374853124
0796447881
0918170258
0975575130
0778652596
0834184585
0338709359
0769677612
0882107539
0932098646
0832286236
0392686959
0892906561
0859453031
0384436094
0775500628
0941304040
0357478786
0908948664
0918112433
0375731652
0705766260
0825465636
0383351123
0899893835
0916654530
0904548317
0919246068
0365226474
0892732301
0833899432
0791970409
0848316066
0863540273
0907078588
0836654827
0363382660
0934828986
0915968512
0365756554
0764513236
0836795290
0866511225
0788466927
0855708808
0347938214
0896395531
0854399551
0352692520
0932346364
0834533202
0384168994
0793786033
0844769436
0388951252
0904756179
0836479403
0702856107
0966784068
0902515453
0839845925
0981866943
0798109916
0811815040
0898192639
0819700055
0967662458
0904410216
0813087021
0968917919
0789544016
0344395287
0763632522
0846318074
0378826338
0907266470
0832742977
0867445526
0797836685
0365608078
0897195073
0824281594
0865868162
0816474716
0355082451
0932677851
0919501941
0332106776
0767236988
0857380582
0387749448
0941203501
0349372307
0701081493
0812633262
0363402635
0903702176
0947339828
0861690035
0792186543
0838518031
0351548786
0906379231
0846077364
0969444500
0936135260
0859457374
0349279782
0907764917
0854247183
0387052230
0766804047
0824540308
0331573695
0761223853
0839302553
0868283001
0774942838
0828527871
0391405522
0764164778
0885281428
0369394818
0701163168
0816758267
0391855612
0908348545
0829172286
0388236777
0901078711
0826797214
0397279691
0788739904
0842633046
0375586628
0772588104
0843122436
0354046901
0763347045
0812446812
0971061653
0761398960
0837485214
0386327616
0766733219
0967767600
0905006904
0384272428
0938817886
0828560224
0384898243
0896949292
0837617126
0341306742
0796682647
0856910499
0363090259
0784538327
0852803350
0968815878
0709561112
0886426688
0865136087
0784827897
0823664933
0342351358
0939867841
0845091369
0962990455
0845609573
0971172402
0788336207
0947761440
0862654222
0765626799
0824555930
0337185147
0892520803
0844296827
0377384261
0933083862
0841149588
0339825526
0774153310
0917710996
0981869338
0895243027
0881204464
0351706290
0784455631
0946989871
0863098150
0335613336
0781478685
0844249694
0328610511
0704956318
0822174884
0398716621
0912861129
0989293925
0939461044
0854956574
0979844536
0798948160
0918735833
0397540220
0781412265
0913147968
0337917576
0892926982
0371615788
0772990462
0813398792
0371055336
0701831926
0828167216
0323285543
0842299079
0359773165
0767544479
0912079835
0333036675
0933056267
0884910635
0963898609
0784120145
0882246370
0866910364
0933723095
0826680079
0334831001
0894785726
0882662405
0326786473
0776899472
0849503886
0365618098
0778492584
0845917641
0349646084
0764317037
0842913153
0363499532
0902530131
0942712876
0393923461
0894093835
0832990710
0865243891
0897487265
0814707700
0988056767
0858968825
0349547520
0769187618
0856325219
0348015430
0774237414
0947017147
0345290328
0787529888
0911892322
0352266083
0939824318
0812689702
0833086776
0347603197
0796122034
0819331192
0332214457
0894765443
0814234505
0865468990
0771653798
0918633546
0322213224
0792178812
0842904392
0984725911
0867648397
0705545460
0946574848
0351572350
0907347627
0834379517
0982123018
0792025337
0859580857
0965423838
0908032765
0949186885
0353245364
0784375945
0834298562
0381843101
0932114324
0842340588
0395712593
0896159187
0834197766
0354137251
0775841031
0915116934
0373960349
0933457507
0852667463
0341379574
0902733278
0847571400
0349148344
0839142614
0989719879
0787532729
0884410284
0977913776
0769768486
0839022467
0974779754
0892408585
0916575162
0345134816
0774573645
0851272940
0897613639
0818549166
0386545755
0773469828
0887473854
0382409834
0709664795
0839372305
0383949843
0775369512
0843311243
0982751473
0794821397
0827919685
0966636274
0764932798
0814613902
0784053516
0846191531
0865899830
0778293743
0825758753
0359234468
0936840999
0854700326
0364343356
0767729486
0858172142
0367629963
0907645561
0989598135
0901912231
0812355895
0324109594
0766347590
0814878731
0356362070
0708059124
0815060439
0329770378
0791294638
0855746304
0361695116
0901672994
0841708197
0863978225
0772645661
0845849467
0326382578
0937813530
0881498867
0373495484
0762480976
0883069482
0341348951
0778092266
0852238194
0389149276
0779327346
0944331759
0374291474
0763344690
0945900001
0789019199
0818033139
0366705617
0798477336
0857671506
0329947676
0908513930
0844412518
0389885013
0783950149
0844142345
0339329998
0762168232
0846675134
0323463502
0771771290
0849840639
0355821288
0897646201
0945075044
0347437579
0701789469
0883974266
0368966336
0789813957
0856436576
0333299407
0778044930
0827969212
0322991843
0772081259
0824961897
0377080866
0792438058
0884140529
0326356879
0784807803
0839028437
0395906000
0798517698
0987831365
0902064391
0838456202
0396137693
0701655339
0819204536
0866224106
0908125986
0816103300
0867500573
0898474538
0837863448
0338768232
0931968861
0915593895
0393165981
0795124131
0844885735
0703033697
0881538471
0396963679
0903934746
0911618957
0341598542
0904675910
0836757107
0324398279
0776336971
0363950155
0893519722
0949371958
0987559137
0789170926
0911695575
0359185071
0709317715
0391510906
0781485206
0945071917
0359232430
0701037992
0913331463
0894456483
0815140771
0354632413
0792897750
0859221147
0866532235
0796293168
0855675407
0386383857
0789132527
0836173446
0375937900
0794546047
0884492816
0392249548
0791877837
0386317680
0798481060
0885354739
0965119551
0703128060
0826134877
0974040311
0704932659
0843660174
0363383893
0897078427
0849571858
0337243347
0939420090
0836555435
0397944151
0705837265
0833232924
0394924570
0762382315
0842933996
0352485824
0769730243
0817069819
0328685971
0938985540
0843870580
0392368907
0777248002
0838154696
0328427861
0768211799
0848142245
0392702336
0789881835
0834359664
0989067079
0779766276
0888819759
0988964726
0777982217
0858570483
0383304199
0799967312
0882103882
0372975427
0773795797
0839976960
0974351122
0892780007
0965554085
0904438557
0944615161
0868243256
0791681206
0845866552
0397053338
0792960212
0843292107
0975147664
0791963900
0838926122
0381062555
0778197569
0856537819
0867334937
0908106338
0948160646
0394615467
0909287949
0829647003
0705399944
0914819287
0377072421
0901769582
0886799577
0976445573
0818246683
0862035837
0891819537
0821023990
0349959144
0908767817
0856701526
0985465791
0896870568
0835680866
0352631927
0909005636
0375036467
0931493923
0913229648
0334130328
0933431015
0836335294
0395891952
0936195762
0859587679
0977266198
0762546793
0946264883
0347149477
0797786753
0829591245
0368850531
0765847542
0829731204
0966745312
0936743602
0948155750
0374455852
0898820865
0915482736
0391266600
0765817919
0883590307
0365282657
0778342740
0841573035
0395589940
0766748177
0834546596
0374147291
0773776678
0853344738
0366209955
0701601024
0811206331
0982150092
0771882676
0944700950
0371663519
0933076743
0824012385
0352973914
0767412164
0824662997
0394688278
0776287118
0989261521
0784746643
0826681838
0389967496
0768983265
0889107017
0869293407
0787376806
0911768089
0983199634
0892492854
0911918202
0963529426
0892256468
0948290291
0334972584
0794053810
0846451416
0347174057
0784482209
0811965066
0861742158
0707228562
0855827909
0961370841
0909216418
0375645981
0781286218
0828377173
0383951773
0704546094
0886693680
0391762375
0775289016
0847949921
0392036566
0893984827
0825658815
0359308011
0914491217
0357910299
0703508243
0833321330
0364709608
0769369902
0842266375
0868273982
0772224286
0918976235
0356286868
0936572228
0815624378
0979256801
0907654286
0847052909
0397640039
0761631733
0856257712
0987430057
0898019831
0845417356
0983191342
0791328508
0916475540
0322863181
0903158521
0843636290
0324905313
0901541969
0833230137
0339877360
0895609266
0828424761
0384878068
0788786248
0835843381
0377780871
0706376432
0824544707
0328859136
0939002424
0977467799
0778821226
0853042104
0323972106
0702278107
0835140507
0902072248
0918502019
0387289696
0895373625
0824035940
0973883555
0905128366
0832760022
0394378197
0939204965
0854511900
0378186778
0934240008
0866919850
0913880896
0357516141
0773630328
0917084094
0362692553
0789779071
0833388482
0364448755
0891388817
0827686252
0384784226
0788644384
0883800333
0338656844
0821221602
0863976384
0901951433
0847846320
0328054822
0796773577
0832335683
0366421341
0935600106
0365423247
0785476246
0857825890
0971775704
0791672272
0836798793
0375571471
0767250649
0841524181
0349666072
0918572730
0335192546
0931943730
0846511034
0381808037
0793764859
0852689269
0328977463
0789243394
0946998644
0381510247
0787419460
0847817758
0988604994
0771012222
0816323143
0961246389
0936185020
0839583173
0895939697
0882943152
0377690604
0762910888
0886287326
0969985113
0781145427
0394283290
0905557439
0949351315
0396992082
0772071158
0813682417
0359276680
0896975947
0818631570
0376011375
0798876014
0813292447
0324112634
0932394220
0818876640
0986677958
0791737065
0823780103
0977700139
0856369437
0963535817
0767294270
0854660281
0863112939
0771178992
0832780031
0371664904
0891399508
0946313434
0982224383
0766746265
0947747900
0966019358
0787688490
0882361872
0979164900
0893521084
0913850501
0981465084
0763074766
0823822844
0357550375
0787613142
0883857998
0776077479
0822953184
0983626910
0795889491
0857616247
0343893076
0773565079
0855144940
0962008880
0796257347
0843465022
0363851968
0771237931
0884500461
0367257292
0826128502
0984935410
0795439501
0856320071
0363894657
0774548786
0823302433
0399449094
0703751977
0852101218
0981011114
0932839218
0919886689
0902391524
0829263076
0351038950
0708272798
0351886483
0761910068
0944878290
0368899864
0774204114
0847810409
0967160236
0761476471
0843366703
0861708488
0936533114
0882404453
0389691878
0797745549
0883241240
0341894857
0897258258
0964480039
0763301892
0918195220
0963641750
0785064352
0835252679
0371721947
0905878914
0848061617
0359395326
0779964827
0819289864
0335922404
0931178728
0842456308
0369698667
0905349702
0978000217
0783240875
0827941315
0344927981
0768725130
0811695782
0396394529
0709594391
0814739094
0353869236
0767100340
0855746131
0346461127
0762499366
0834664818
0764515569
0888718275
0345112663
0812153158
0962288339
0822956908
0351057583
0933714771
0919940366
0974894366
0891467915
0829790274
0704095786
0819143789
0373441240
0938881053
0348438444
0891666281
0915762414
0341734284
0795157317
0943971977
0328814858
0904115376
0828420902
0344586774
0792600547
0826048968
0963629766
0788921970
0816259715
0977685649
0936066271
0914214416
0392125887
0776770379
0782524816
0835736881
0982763406
0897346429
0822216629
0986731448
0829738875
0365058711
0891363337
0822883321
0389787001
0881244330
0386668145
0706420577
0857309106
0779761492
0948582921
0345850632
0939980660
0337460755
0707473813
0917275086
0397073132
0931318139
0882256318
0326305629
0797086816
0836664349
0391891617
0794466074
0846001843
0341936387
0793626016
0863366987
0792809460
0839753903
0831830316
0328880404
0891793707
0881419399
0388620250
0938028322
0839548762
0331509279
0767892827
0827635717
0862364444
0936013711
0837469469
0393751887
0907651653
0854205250
0359078123
0901238767
0963654676
0937224132
0881193530
0775295348
0811965613
0763328367
0912882603
0391458975
0791344224
0849476907
0701924475
0942211811
0368649155
0762201468
0817887633
0388952649
0705782131
0841946718
0367968178
0934204425
0818045889
0967865197
0789199269
0816601277
0357039423
0935787025
0833389485
0791452933
0946692385
0361896367
0901995706
0967253051
0897329168
0845796251
0967241257
0901448336
0847198909
0787128967
0885022829
0354559930
0798011234
0833578629
0367167590
0931130961
0883413111
0966465977
0822067435
0364746171
0933365566
0828405118
0982288754
0894790639
0884691750
0798595820
0884546074
0369716482
0774568922
0816880509
0975142069
0902017718
0825361916
0366790459
0794444185
0847674809
0836023629
0339810286
0703839455
0326942305
0781056088
0979733787
0909702807
0827740524
0391505644
0771511023
0964670786
0768569873
0948913171
0977130530
0895698054
0947407724
0363146907
0938055964
0812889427
0358293047
0707177132
0943935654
0344349032
0768786016
0832542646
0788498136
0831430961
0341240748
0907861715
0834028331
0862497139
0904972211
0813450589
0961378203
0791935156
0325566262
0773398519
0854262099
0357496222
0931365761
0323471088
0885478714
0341501732
0881763437
0987015297
0785824979
0945088215
0365267955
0767942591
0822406562
0761311158
0824508152
0394985814
0767925417
0946050991
0364714541
0931371142
0854043366
0332115299
0788775836
0978503526
0701811361
0825877762
0348459716
0787129744
0885235088
0354563976
0772691526
0841484821
0376993709
0822722643
0386719018
0785605994
0919103636
0346759720
0909277040
0849051427
0362577427
0786819301
0943813083
0394389531
0852437284
0377830264
0828725884
0896879432
0882510281
0361218158
0766034328
0856703161
0964304580
0774512479
0816923486
0386745879
0836710796
0969837637
0834601801
0346696590
0708307701
0942287448
0393650251
0939743159
0826714132
0328146668
0708600469
0941051089
0984396482
0903666589
0815308190
0964951043
0857370695
0398354005
0763429684
0829682922
0979635689
0768439804
0845096550
0388037700
0708689744
0812701792
0355963277
0798874156
0848842719
0984292813
0931000404
0827068223
0973108212
0798056044
0832062698
0351116267
0892821130
0942029801
0968759431
0897941362
0941861654
0907781299
0917239418
0355174367
0778505804
0817787424
0324997760
0932368743
0913077136
0376834427
0795607066
0848949071
0398083684
0898814069
0846158288
0864186502
0772928470
0856020737
0395684741
0788730938
0823491831
0358895529
0893775004
0835238009
0901412998
0889409744
0342829620
0786167927
0841112122
0355660394
0935039013
0888906061
0865288155
0934267802
0888228296
0333049482
0938845477
0848385851
0395977788
0898280614
0889486019
0396257508
0705570830
0912241556
0965112083
0906226455
0919193817
0862749747
0704428440
0831752918
0359904691
0763878306
0919937151
0971590935
0793447740
0888634448
0769145773
0826504587
0385812115
0794504771
0838096571
0377586828
0768812774
0844511601
0398759720
0773101664
0823218737
0975493270
0701322622
0817479066
0323616561
0895498044
0829166064
0361741160
0936234629
0827460676
0979449474
0848629783
0332255214
0768387376
0914401787
0965089157
0764201126
0839419120
0344998471
0779261376
0848038079
0379218126
0933178893
0881416638
0345435268
0899191554
0913132609
0987458059
0783771660
0356251361
0784038720
0847039717
0902741783
0881274519
0331365687
0899973994
0883989604
0369507838
0709959000
0886192636
0976367373
0887139974
0779083435
0851367107
0982669968
0768995773
0849875037
0378562607
0788502141
0815326334
0328725722
0897291876
0918923235
0377631516
0701696832
0813450066
0973566945
0789409951
0948833750
0987814053
0908114070
0888086435
0783561989
0912542198
0977575195
0762449110
0945908091
0985776862
0896787691
0816936348
0325074333
0766477834
0915910702
0867410029
0894811617
0917098097
0964350653
0943138623
0374904110
0768366283
0911217543
0866223806
0902695100
0829048498
0868151904
0936280082
0978708887
0939314695
0772970594
0919073196
0391908330
0792367382
0943156493
0379106680
0896715672
0882156157
0387233121
0773359444
0918178347
0986331769
0776387323
0949910362
0964098867
0895946760
0845820809
0397610194
0772704235
0838359355
0363417266
0765420416
0917281738
0985618989
0791153885
0811768939
0338823488
0769448496
0845409566
0376063618
0935746447
0827420475
0348625928
0762394684
0945451347
0334991894
0777043027
0945525635
0399502143
0776742592
0883724833
0982763449
0708036115
0917674154
0321016638
0913242947
0965114588
0788789762
0884684575
0979494512
0902416759
0911214922
0976977450
0939289376
0883865357
0899087640
0918489747
0356983292
0772225590
0949733730
0365058000
0938731031
0919925829
0978872061
0898483125
0847447729
0379543460
0762117624
0977404273
0834774840
0869202919
0775141596
0364870267
0763446706
0843173102
0863792224
0891781127
0949911086
0703902043
0853790645
0365038927
0765590973
0827169497
0965324824
0934284314
0847069195
0382699742
0931072783
0943281436
0335345828
0899133750
0855379298
0333896296
0765493869
0946792354
0365505306
0783027967
0945799270
0363548577
0706943330
0399291545
0788742609
0964218639
0899851140
0841188796
0366596665
0902192311
0853387178
0335013426
0936039611
0829632010
0988424366
0893573667
0945094092
0364317337
0785921952
0825676066
0981813180
0847596302
0336731775
0902355497
0948371792
0398787793
0793801465
0949992251
0937057040
0821539596
0355508040
0787192986
0827077669
0355296550
0904403597
0814147161
0335889821
0795963180
0828629088
0392388777
0937136047
0855426718
0984314389
0813794322
0868661947
0933824867
0917994111
0391393043
0915948653
0975683717
0934682206
0818642230
0868702562
0905199769
0826545614
0371268685
0904290619
0826220736
0393935792
0787221295
0816507165
0388539439
0768458897
0886893032
0707080361
0845744448
0333358829
0705717618
0854181038
0379885057
0909307820
0889488701
0362585795
0709339468
0849363221
0387307212
0702937066
0912112685
0814654619
0387817330
0762174612
0917873273
0341196027
0771841876
0887822340
0986152612
0769553634
0889315993
0339491253
0892178333
0949770022
0869712148
0837887628
0974831260
0794016242
0855987272
0374049633
0764276113
0858151276
0364009863
0705516712
0822870212
0989996038
0794061140
0833554512
0382849021
0794684383
0824991965
0324463801
0935000018
0948566474
0394531359
0907271628
0855376364
0798824645
0916820914
0391241885
0895747105
0883140499
0395749382
0903663287
0943423966
0385686053
0934119505
0818400050
0972766064
0705442901
0883494731
0765898309
0847269345
0975319734
0933001645
0841759767
0369889678
0908604736
0846808284
0362782623
0775220083
0854191394
0382580955
0902406279
0916570327
0325157931
0763653970
0833643347
0978166884
0797856623
0322944672
0909670878
0816660446
0324353237
0892687310
0842120010
0973043353
0905286103
0825963527
0345455917
0705073511
0825476069
0372375259
0762804701
0831659120
0371933840
0765509216
0831882380
0339897300
0942962277
0988068002
0782562116
0819886615
0324485234
0902731448
0885319287
0964429310
0949030983
0356309266
0706536820
0947007512
0342936997
0786669289
0821644069
0365169284
0781804841
0912133312
0866754055
0895215251
0843733136
0328804944
0937103001
0843735444
0337244985
0893230997
0853697518
0323697413
0773721522
0844857500
0388664465
0895986018
0947405736
0861652161
0778728527
0822759522
0381828285
0903557025
0823256662
0347318185
0799477860
0858262796
0325079374
0781453903
0812495477
0335468915
0764493419
0814104548
0981934831
0906213083
0914583320
0985749463
0903930445
0885305508
0341559687
0896730392
0818084861
0978469268
0906889602
0837127462
0969107837
0786347784
0859829231
0977119847
0895931782
0948326446
0777168084
0915821614
0861290729
0704011609
0832184909
0373342451
0707270219
0812945251
0976114113
0707828914
0859391074
0393663938
0777720019
0818439007
0383820615
0885624912
0364375268
0788142460
0986007287
0855134231
0373126668
0763117580
0826327044
0397517495
0896302899
0821892508
0328443742
0899299126
0883541265
0984495449
0933877406
0889897278
0705490856
0836943900
0841520186
0353460971
0707705541
0944037825
0961920402
0774101894
0387674719
0708386477
0819647949
0399312412
0891668271
0835641202
0394403727
0794765863
0854376258
0981664145
0781851766
0963563821
0769004197
0818613790
0987699142
0909873105
0889793989
0344526587
0895982265
0822005979
0865678726
0764736400
0918893151
0379672818
0796860878
0815748636
0384496579
0777249991
0949991723
0701206464
0831045027
0348287117
0939101456
0819226568
0375764699
0779059493
0985654281
0894057342
0883484305
0395496831
0933465442
0843346413
0344479584
0938882480
0913562206
0983798735
0789695625
0857851148
0362026452
0709190996
0812393370
0323445448
0799638845
0846351917
0981733055
0703038427
0917892077
0358975372
0904124465
0817580500
0372316103
0901333252
0855482614
0987407617
0766479293
0835592634
0351923891
0789165793
0918062305
0906716997
0942327485
0704131666
0331541031
0789749670
0829115125
0386863232
0774934362
0917524976
0865835600
0792240722
0944560541
0936795496
0836298339
0354114836
0797797086
0832289110
0967625363
0787053035
0825392790
0963838141
0704234395
0885837633
0966225795
0783619380
0857700396
0965121639
0791904185
0361286295
0781624136
0829248810
0367770665
0707213937
0885956070
0376202661
0704982725
0887124174
0398148120
0774873384
0821073394
0328854204
0704898900
0942552945
0373300580
0785766284
0914633058
0333741899
0897331916
0918219633
0969041079
0762681309
0917416391
0356847465
0936204576
0911598684
0864812753
0934717545
0912580335
0384930870
0898506120
0948680362
0327330939
0704327944
0949286745
0333180353
0796958593
0845118785
0385918803
0896195052
0945328201
0861562521
0824815867
0333159016
0701553787
0812868212
0974622103
0895887044
0831821937
0866591409
0898675756
0826933553
0378459024
0763595702
0855506977
0399410125
0761434925
0918607597
0868587964
0786889556
0848829970
0355370399
0792873228
0885965474
0377389355
0705624536
0983018119
0761262291
0882468664
0382173597
0784473366
0833294421
0349360130
0893083565
0887691786
0348980726
0813264995
0969347983
0763731545
0918885304
0391006411
0704441087
0835638439
0396338137
0786892493
0841527019
0347313841
0903176775
0912127435
0325679965
0764740100
0846120177
0397034830
0895707185
0827204618
0984926216
0789060300
0887833206
0389213227
0702212493
0819290226
0702569748
0833856658
0374883083
0905866275
0889930227
0354177952
0795232376
0915660552
0392619599
0764857550
0828322759
0371190842
0796022532
0837333543
0861652732
0901742561
0983282745
0785659191
0842064516
0974518087
0795658069
0912326351
0972099583
0784693516
0846672632
0384629122
0769963179
0844229146
0974710730
0763110362
0846036109
0962697552
0765555014
0911516727
0984971310
0841348947
0397374457
0772944736
0823795898
0869923418
0908183636
0949217046
0375290765
0709143481
0916806793
0366812255
0764365505
0837307359
0868880761
0893091158
0881293475
0981902806
0938208204
0836584345
0328114636
0908502799
0841712150
0327738631
0785427243
0852372153
0338311471
0948008911
0346876004
0764443220
0918529611
0377513499
0931845682
0946151745
0777845387
0911444420
0988052658
0779653745
0918444070
0324985670
0702404054
0835682604
0332988287
0701619904
0323607862
0898064602
0911652252
0795622413
0811880630
0399013110
0786654593
0814056401
0352369719
0765727131
0815592429
0863442819
0774787670
0969336761
0884090376
0351060288
0774128005
0865627505
0935117648
0945044555
0962066926
0783669342
0347669484
0906841023
0941663634
0341958664
0701844073
0813304806
0346150108
0937446976
0889784110
0849463603
0395914758
0795606889
0829459722
0907998800
0837646103
0381463320
0765220370
0887167948
0774917632
0323392287
0795332059
0848705086
0981747223
0704628601
0828358848
0979856975
0707058132
0855634635
0384111943
0891068259
0859821493
0352466125
0771664968
0839230788
0761815186
0949746968
0961066103
0893556510
0826236849
0377531000
0709777204
0834823554
0365424839
0795632758
0947343097
0372447587
0762872977
0847887413
0372074403
0777494293
0915573620
0392269485
0935220586
0826383080
0354656685
0894008420
0911396471
0362836035
0797125878
0852150674
0769696662
0843152151
0346258394
0767423603
0859665734
0963111091
0798189309
0866632109
0932816183
0812186829
0355532877
0781608469
0835354748
0355246502
0799801487
0886862023
0367429776
0704516995
0897986756
0829451724
0978047088
0708495331
0819806270
0768048728
0911963589
0361653830
0763156220
0856717580
0352294455
0707181075
0846429998
0969244468
0898654370
0947925935
0352352672
0762718233
0884734128
0392019172
0708248431
0828193230
0349480724
0937041721
0838172551
