0327195298
0776227700
0835363677
0399981581
0709488456
0831542294
0348301548
0761006666
0859857762
0336125081
0792670894
0859694819
0342048929
0785306977
0829702027
0978641056
0899354957
0942386273
0387505331
0701606571
0919818905
0328006763
0788030925
0811364046
0399863606
0791563959
0842515795
0961571894
0902048888
0821930155
0399437788
0702931224
0826810348
0331418041
0707431496
0943443108
0372315872
0891421791
0834191398
0324579996
0785267197
0882154606
0388403391
0779198411
0855387826
0962375349
0933649701
0813697445
0384773099
0797075751
0916114453
0372549965
0901543138
0831718607
0352674420
0768697616
0884043320
0352418960
0767803364
0834274827
0932835329
0889292465
0966817269
0937982327
0942271359
0324227413
0906724751
0829322817
0323945254
0903947253
0831558040
0769784985
0854416028
0864044702
0891912951
0833160335
0964146735
0909906675
0846665777
0979463832
0707613198
0857583457
0353200305
0935128909
0883418810
0369114788
0707658554
0914704483
0385108989
0939752079
0948997708
0987099016
0765618584
0814712174
0352206418
0763685295
0851465150
0869293396
0799364301
0835137767
0333568488
0935128794
0858683280
0962778848
0933964432
0949695433
0965600400
0709759625
0826220399
0382520612
0933378504
0913978752
0977530905
0763463160
0882071967
0328955149
0903045097
0843745415
0371788966
0791916619
0834622692
0393364718
0895289350
0825349520
0351741490
0898568911
0827716394
0984947304
0799310734
0817737170
0381178671
0931636901
0849012490
0333907297
0933881488
0854381074
0341823062
0891467853
0813479483
0969983129
0776460471
0813880010
0961176857
0782893677
0966652206
0898367612
0827287544
0861458210
0892826352
0857485443
0365116386
0798054259
0819721337
0321657990
0905213554
0827625966
0321177770
0792625281
0943317380
0358088858
0703156219
0825550854
0976669342
0784847949
0849080025
0986273185
0906196876
0844980517
0869102598
0894074082
0858384437
0366161455
0935856573
0846863618
0321650779
0769172714
0832957007
0346534673
0773528565
0857333907
0338081882
0764678359
0833591468
0862764406
0796765005
0836164811
0321011978
0779750947
0851214137
0384410158
0707986074
0835680249
0347764317
0706718059
0851327331
0343588566
0789421666
0941836146
0354259236
0936431478
0849192805
0356050236
0893193623
0949440314
0334861126
0932994650
0812614579
0334685309
0938989698
0821420518
0344450030
0786025495
0941893781
0967216659
0787639772
0914610452
0383121784
0908831343
0837809842
0361046027
0777590748
0848800705
0354969393
0771902439
0834460435
0335324230
0779680816
0943509194
0381453114
0785705724
0832222871
0379616770
0939174935
0888659926
0983523189
0778871499
0881655575
0337793750
0893088019
0946560346
0333392680
0909576318
0886110713
0391721256
0781984470
0945173677
0394044646
0796950326
0834167713
0366214446
0903452354
0854679964
0326767789
0907434981
0886982319
0869817533
0783280630
0838783341
0863134705
0781764438
0849012837
0399044716
0763150568
0837995723
0375049917
0709008579
0858075383
0379528951
0891343123
0842144045
0395198591
0779437422
0815262871
0381771566
0797326675
0949920268
0863758118
0903260152
0855046654
0357742197
0892648220
0839965237
0372236159
0939982539
0845876276
0988013986
0777456525
0811360623
0967197343
0902936871
0886607316
0365495138
0899732409
0839058330
0326722172
0892035604
0815621313
0984528405
0709474201
0815281293
0971749685
0766949237
0813214706
0864463399
0793958503
0812781966
0986035213
0709608039
0816588286
0368880930
0933005358
0849864478
0399345907
0899802640
0825562295
0342067555
0894396239
0852423442
0356680234
0784711005
0833568875
0969247485
0768642558
0843748308
0383912245
0707077844
0913623674
0322429820
0936936635
0819584415
0982759837
0769722660
0812764728
0324259734
0797415830
0945959055
0967731907
0702147078
0858661662
0868769321
0772990258
0855815055
0386483354
0709410030
0912751595
0989668150
0704326068
0839818849
0974660224
0771391770
0945741519
0353602736
0885829812
0389292725
0773088946
0916405266
0392314682
0905296105
0818239292
0369206974
0787518857
0825740641
0986333746
0791204040
0882636180
0865849359
0794301882
0835784104
0984021323
0764782355
0889368930
0364779655
0776067800
0919001140
0395532176
0937381043
0852316066
0376558455
0908013478
0856173526
0383111741
0936114706
0833043657
0866930991
0774224445
0824957288
0973786915
0904135592
0812766082
0335675259
0707436153
0353904222
0775610457
0829191815
0364294367
0906959247
0825266789
0334642253
0775073255
0838504900
0984113013
0908538527
0948443106
0366468851
0891571159
0824493009
0399629947
0897457385
0842408430
0983686350
0702233364
0858786819
0324438113
0799507885
0885404836
0965364416
0894003658
0819848728
0862603700
0772357573
0944726314
0373446070
0776956916
0854458242
0341483938
0905993761
0914271913
0868418465
0793263157
0845123771
0391475972
0702080975
0948590996
0354942482
0899675835
0827677399
0965058576
0788957645
0817288428
0391936257
0706670807
0823346640
0332488864
0766587260
0815643368
0861649926
0909990563
0816809971
0967037409
0797277725
0854285661
0321672708
0784599225
0846996581
0966397321
0796902656
0883899674
0324150682
0782184972
0915612281
0362236227
0899643968
0836561382
0329404443
0783183855
0822324594
0363743869
0937506228
0833934220
0381830290
0902091013
0812386268
0392075053
0774426733
0823412223
0344444148
0774897388
0853912809
0869289122
0778680235
0854512416
0339841743
0701106980
0911666836
0368616101
0766364617
0828796708
0364051585
0796856402
0916859859
0349025986
0896530979
0817955582
0966702450
0702948249
0838951541
0365089498
0796814488
0821658220
0989901141
0787858282
0888798632
0332032211
0814142207
0963520668
0936733097
0822734507
0393955305
0706426696
0912410733
0976860838
0904060502
0825070174
0377926625
0909301686
0853776479
0393897184
0779473152
0855425075
0369633173
0897672663
0823255239
0336568684
0793224605
0844415477
0349659414
0765161754
0858647947
0971833680
0936287555
0827030883
0394469953
0791416184
0826978627
0376592814
0791676878
0385860907
0773291145
0944278965
0381053178
0891158934
0911807679
0364319994
0932707605
0818633980
0396443585
0705158141
0915605087
0365031200
0934851621
0856821406
0347123981
0908155313
0856912293
0324023336
0764142649
0914397832
0966674131
0784736701
0852256596
0869569373
0831742506
0987397657
0708452048
0913996633
0368790679
0792354558
0912476700
0362753260
0932589212
0884045861
0323595107
0702337164
0851419445
0382632169
0933637664
0844843443
0322817200
0768082168
0912128749
0347322399
0934410794
0834919767
0381307699
0892124791
0841377223
0322808809
0891747928
0946988748
0356042017
0703244902
0917181308
0371143252
0902222533
0889590999
0384794479
0935511485
0815135847
0364706853
0777358184
0886275361
0968143243
0769757945
0812797344
0367076289
0773796364
0918551659
0341062516
0937901197
0856314797
0386477730
0705137823
0918313476
0963762674
0795689706
0943887263
0331777182
0932874055
0843106811
0329409716
0766152446
0831139066
0352785205
0907109378
0816852423
0323808238
0708762426
0845222022
0377289144
0798538236
0823894509
0321923254
0791387245
0917020703
0391190797
0789140569
0849573877
0384485199
0779937629
0947195361
0328247210
0899098865
0819429379
0865946620
0762135504
0846409430
0354272397
0905702725
0972962079
0903023550
0819707095
0969191637
0765315644
0859905423
0321997198
0932934453
0838481854
0979660638
0765733440
0823761333
0381692458
0896686836
0827735616
0343964012
0778652798
0836274823
0388371503
0775384608
0837986075
0378287567
0708518732
0949027621
0965485648
0783893341
0818091293
0335278121
0908205646
0883466836
0367623281
0792967105
0919756849
0383716933
0909888057
0822688475
0972873770
0763208762
0843418501
0869561529
0764568378
0943637598
0351601865
0798150514
0822995736
0984911347
0795037348
0814606117
0351125350
0896276815
0946748482
0384102561
0902175369
0854799834
0988430285
0905100808
0858703951
0398789997
0775526035
0911493275
0394514457
0705333250
0852946741
0337879749
0778024756
0859420665
0961900548
0705278821
0825683545
0383384671
0905928473
0945360707
0338057615
0778099474
0941775070
0383458184
0789196246
0839680760
0337190581
0933532664
0883317992
0964621778
0772708966
0885906534
0867774504
0768809107
0832928422
0361871272
0799344284
0844334338
0973063214
0708875063
0844392698
0392934329
0892687628
0849276671
0337354665
0778253707
0883558971
0395558419
0761339236
0811938756
0381528362
0765167945
0912768612
0979558724
0798419510
0834813866
0358863611
0777777253
0885727236
0869831397
0789261432
0859931724
0378187582
0791654389
0885699772
0388788478
0773607313
0854367707
0963057101
0761359310
0949769293
0861176787
0779363231
0825580717
0979278863
0704566843
0858668481
0348879948
0795893469
0919529301
0394342780
0761103441
0825549468
0971497679
0708704226
0827980562
0989842879
0908940605
0857213488
0321922334
0765346040
0846767427
0369036424
0703254100
0834926070
0868786205
0932980241
0881581180
0328998930
0765764080
0855444215
0866681780
0764367191
0811217115
0979978836
0784883335
0856755636
0353147771
0764246293
0844014542
0971862616
0793854694
0837632193
0323567393
0896524896
0841707547
0329778626
0906824236
0813675233
0346313550
0932986611
0918059454
0866658056
0773713153
0821466990
0337021438
0781465802
0946841711
0357587695
0934216900
0821384558
0375030850
0789859299
0844808273
0398786055
0791747912
0852836587
0347107850
0895549985
0852910393
0349239156
0899205849
0858614609
0358122827
0898061846
0839840005
0355656820
0704785717
0816347219
0396505538
0771270591
0911878139
0347481091
0938220322
0819968954
0327657201
0775768776
0855609954
0358159532
0795935866
0915753683
0961767752
0903408071
0821570013
0976720725
0701454373
0859612871
0974817705
0896900649
0941846457
0392577811
0792642984
0853437041
0373650822
0765299123
0825551375
0986971567
0702208294
0832547912
0373698391
0782746662
0914240799
0388710488
0799851215
0885082263
0327646739
0767148457
0948964552
0986292230
0761556597
0823094777
0349976878
0771443151
0881477600
0378535599
0826512892
0339806245
0785725205
0918505137
0347191062
0764447294
0889505477
0362149802
0931463412
0911906265
0333490369
0898511308
0916868151
0361244645
0705576319
0842687530
0376293901
0705765151
0846339733
0323425677
0793631924
0819212790
0359198712
0893046531
0945056976
0328304538
0931360130
0818857607
0338851175
0782407055
0944719198
0375195692
0936729784
0912472855
0323304925
0903564040
0946518821
0357961647
0893941175
0889220180
0394293277
0779843086
0886074764
0345337978
0788595906
0841171250
0864643866
0896864366
0919549272
0962306836
0938378291
0887401565
0338870700
0793561501
0843804543
0379154179
0785415652
0825557252
0336970398
0709394519
0946359568
0338959520
0898005722
0942738747
0385407926
0893363454
0823586659
0977315750
0784927039
0917049193
0338142044
0784170241
0848987395
0386466562
0797798463
0888517346
0354322091
0899106632
0919062240
0389180928
0895121923
0817941888
0393970625
0777566179
0853009453
0399527797
0702096157
0912789050
0862665538
0708572067
0913033554
0337189734
0938012641
0854370277
0869084513
0774697219
0844164838
0978174516
0778190448
0827942080
0351160201
0705204776
0854848352
0974150686
0792818359
0944698262
0961006400
0762823465
0888151302
0393688958
0858275181
0973530965
0766021954
0883490481
0358803454
0932188308
0851890514
0347103354
0933021494
0836553119
0985679192
0707626341
0834960270
0381833531
0766038076
0845137900
0398885015
0902403524
0914393547
0339966917
0704215469
0818262819
0338463054
0798277488
0889778577
0333603266
0763441221
0827508655
0862432285
0934690639
0918343877
0356877347
0709676939
0888383107
0961083555
0934690330
0827944418
0325566184
0708670603
0824201078
0359227074
0776479670
0889204242
0345471353
0784874234
0947112546
0981879036
0799660897
0847714302
0869413444
0705944602
0815569590
0322847999
0898344642
0845507106
0868870814
0783846774
0833303655
0986576534
0905759975
0827466258
0349762304
0706468005
0826335404
0324793778
0797261276
0839415276
0866539692
0778858519
0827425834
0349558240
0708821648
0917917985
0364368910
0776870760
0814519451
0389674232
0908234671
0915879472
0332877694
0891251885
0944623747
0983421962
0938780894
0882658302
0364000541
0938471750
0883589861
0989411296
0795979904
0887583265
0989909495
0768687089
0847746958
0354566031
0785374115
0826729299
0989986309
0762149849
0815415177
0962486867
0783308351
0859232035
0339500501
0901575787
0889570425
0348805098
0703301534
0832556638
0377454640
0704300142
0948803756
0346624682
0776136519
0812027827
0359011843
0761205006
0856592516
0325722541
0897423935
0887592113
0985342158
0769981164
0949436007
0984429077
0704341392
0886270645
0967595317
0779739429
0842017166
0972352383
0794846330
0814087534
0325389486
0702851897
0852984269
0986853231
0935335852
0917065717
0383971529
0776047332
0819848869
0327612154
0797136861
0813594781
0387079623
0936050999
0833902865
0867954948
0769515799
0852144372
0968607097
0768429258
0839919484
0984745359
0896837759
0854268253
0989464325
0708607935
0914308448
0967490596
0931562247
0811269667
0988929317
0781705351
0881394092
0864162699
0794417134
0828949247
0392388510
0773781836
0888966629
0382361934
0891612195
0812451610
0392064781
0704205398
0841482048
0336803141
0892475879
0845471844
0986724978
0776606728
0889128220
0984653341
0938055273
0853396027
0979309911
0907408970
0844954997
0966633937
0938639913
0947874450
0983673569
0903590845
0917063740
0985409147
0939994955
0914949589
0379421507
0793097734
0839505629
0335147887
0791770229
0834899243
0987889398
0704151905
0858598812
0893470291
0845220559
0336567084
0705349238
0858724841
0391259138
0769201860
0836347298
0869260597
0782159299
0915243677
0985615838
0939532110
0889646175
0323701924
0708114719
0948672758
0987813934
0772884263
0854603949
0334407202
0797188579
0831769496
0398438236
0782533126
0853118598
0338140012
0935275363
0837003032
0932077625
0838591421
0969704537
0907484499
0829709446
0987488201
0796877435
0915367502
0323804360
0794058259
0849758828
0975056181
0934517469
0859292409
0985220028
0903317121
0913514835
0358806732
0899410822
0844097266
0364951065
0938929516
0915336510
0862310975
0933066966
0811478327
0967527120
0905159717
0886570790
0989274055
0781256270
0826354626
0867837096
0798243740
0941060411
0395340403
0909030146
0846476921
0325754714
0786456749
0823646365
0898776315
0914189319
0864578826
0784344214
0889202151
0976643491
0767025738
0944330009
0867820597
0792029914
0818179060
0867909655
0935547867
0849828026
0367107062
0934993740
0814108703
0868143342
0706203254
0818038496
0986914618
0906673697
0842203540
0359912351
0779240037
0887760650
0375436189
0797969422
0885974326
0981215158
0891853658
0944410640
0336015878
0774206063
0813111663
0968626969
0896376578
0843513813
0344680289
0761068011
0826575994
0394418482
0894220556
0887363921
0972202769
0932766346
0842222223
0975268051
0704500252
0836404190
0773957815
0834893891
0321524119
0779773611
0829082384
0862522268
0775220799
0887633443
0378728998
0708004845
0835345013
0342847373
0894650007
0843257657
0388489226
0775367779
0918695309
0339769425
0931422455
0834244513
0368004849
0705767476
0826548955
0348929120
0781433534
0833078362
0372160831
0797239844
0853111459
0343855543
0784244301
0941200509
0339138473
0894562243
0947856002
0979769073
0767704034
0849666047
0347997783
0773611833
0858493851
0381863740
0895030268
0832652513
0986358758
0704126185
0846718852
0384369243
0933724564
0944336288
0324984567
0703852234
0831053178
0973313780
0792918317
0839380897
0329030066
0937232322
0843289149
0353268744
0793310677
0947198039
0398447288
0936423880
0943884205
0983592137
0938998997
0848818512
0971499041
0791837588
0855304091
0961039389
0937477347
0911135178
0372591251
0903432863
0943443685
0327539056
0892720981
0847671360
0977074287
0905620176
0818854049
0974218148
0799219039
0949968148
0987589035
0907276405
0914153125
0863204992
0763527767
0916132264
0866359213
0908014103
0821388883
0332041590
0797355232
0813082399
0967301966
0773442239
0834830952
0964899242
0934272076
0912837887
0368409009
0795223294
0914966163
0354573537
0903274126
0843582030
0981095190
0898762325
0845569713
0377121134
0934544696
0827939912
0379976094
0785855751
0888704330
0352287450
0891155350
0851274004
0373081221
0895598803
0845158452
0985903465
0931983703
0919093708
0357646560
0775085950
0917678272
0374499937
0771787195
0884034524
0867681060
0905438669
0825368398
0969020109
0782682888
0854333336
0392970752
0898837371
0843399662
0384863790
0705877804
0843045538
0335425482
0899255968
0819381877
0347942712
0761108054
0885144119
0979042164
0789187201
0948492322
0367502730
0898970191
0841430618
0321008442
0909857555
0943724660
0356598624
0781833945
0885524558
0343300384
0909781203
0917731084
0978435691
0937472013
0855279878
0987478536
0938816319
0885123075
0332452966
0891311347
0883104352
0342645032
0947781718
0982217674
0765939854
0847353340
0381829229
0796593170
0823331422
0972708468
0708876618
0917919351
0988884979
0902195492
0835846820
0898777117
0888376392
0321202392
0787830342
0915450925
0386941751
0782380254
0848568891
0975843022
0783319778
0918551001
0963296360
0936032332
0833099074
0398315991
0774047385
0831251428
0967523609
0791607248
0919231519
0963060085
0898301006
0888583692
0867240266
0908261472
0833581366
0329268811
0779650600
0823304415
0362738594
0931603167
0949750193
0866770660
0939948917
0858292959
0399128366
0764140351
0946888864
0338190487
0897345027
0941225684
0334346639
0771624761
0849302877
0324982102
0939999341
0857511715
0987695619
0788097576
0949406054
0964954073
0785125440
0826568088
0335529838
0799115442
0949195206
0356919993
0935526592
0823678792
0357284259
0935633293
0917523862
0984874362
0707434143
0849371767
0371815608
0706721292
0848844994
0868579065
0788192938
0835423929
0977995691
0707073842
0917525144
0334749087
0761229936
0915046176
0348845790
0899159578
0838901278
0349699475
0761389745
0913129604
0864590516
0903293323
0881479464
0343366297
0792548245
0827433056
0333941503
0781746228
0942395798
0328310186
0704167005
0838472516
0348456221
0899567450
0812071892
0381241141
0936120826
0844684372
0977234473
0901284064
0831908010
0864125955
0784191849
0822329451
0983119847
0935140279
0845001006
0335882310
0777923373
0887910930
0378395649
0896566691
0857273185
0322404048
0704597338
0858009644
0861532332
0789111021
0817453135
0392882121
0782816913
0889584930
0389403462
0896671111
0818734592
0965387359
0893076121
0839148654
0321058524
0767210235
0831774375
0335298642
0775649226
0914939740
0971640816
0791655572
0948450444
0327087103
0765723686
0855322491
0865385498
0895381034
0857952938
0367491457
0786847983
0919347495
0339198631
0904719838
0843514053
0989007215
0898460178
0881897920
0331035412
0906116674
0397001566
0776299621
0832318919
0383186369
0931341452
0837819338
0866943591
0905336833
0827400888
0344803241
0781627528
0848470111
0351119908
0907779509
0947279847
0396540417
0789878812
0917519507
0864457559
0768265516
0885072638
0325883219
0778855417
0841179879
0965885695
0934602853
0817576301
0378514069
0705359138
0911814077
0377627998
0797161787
0832585766
0356302726
0908866868
0846603713
0867501897
0895843262
0918808651
0386798398
0788831741
0859728055
0361043170
0792057483
0829518471
0963409967
0935542661
0846808791
0869639318
0933056979
0837315466
0341871134
0791291389
0823644883
0966257886
0761976391
0915259947
0981243547
0781646889
0816052608
0971867638
0769503098
0821240554
0396522653
0909111522
0838818214
0969615367
0768297254
0857860336
0366815533
0789412519
0853328951
0968701651
0771924855
0845852264
0381260451
0764467069
0947169960
0348326952
0705064591
0825496545
0327097974
0702126514
0917725361
0361685061
0761366438
0946039584
0336318682
0934997241
0883346557
0979250391
0787417425
0912833687
0329620254
0891314419
0852600350
0364351948
0762962695
0855345441
0981789020
0766995215
0886094560
0974705741
0907036433
0817386176
0976043525
0784175330
0811878226
0369205012
0933370871
0851444344
0356152639
0902427025
0817439488
0336937606
0903443582
0943573516
0346847327
0905161709
0846341130
0345381358
0789391076
0821208094
0967062446
0763656799
0821640724
0331274446
0906048603
0816298932
0321028089
0897402578
0911332972
0396255407
0775330856
0914280908
0395198586
0768531983
0889503231
0326392127
0937288170
0814978127
0339304310
0933618531
0948656095
0983791496
0898388561
0854507213
0863818867
0799100930
0819376584
0861976689
0898682101
0843336548
0374463730
0937528592
0941913452
0328110111
0784717215
0853204443
0974683848
0775322875
0946239935
0964501308
0932142946
0855600486
0329689548
0779010754
0843832937
0399854719
0768073661
0856776324
0378299250
0799029298
0836972960
0363618415
0797753179
0838896655
0334902968
0904153517
0813114884
0384662924
0896434500
0852221756
0988866577
0795937584
0832731742
0989951577
0775233665
0829169886
0349184724
0932925532
0889667127
0971438669
0932257050
0839983817
0343814206
0775367333
0814017317
0394497808
0785090681
0949536154
0341556419
0799052077
0948589518
0331221481
0938410091
0833597839
0331103327
0907989185
0818831735
0964973064
0704466646
0885258441
0969466247
0778883217
0856816721
0326599519
0761912142
0838274675
0354645785
0769088980
0818086096
0972647349
0898367053
0839926962
0352520552
0708125530
0886754767
0398573441
0763666935
0842314949
0323899126
0939897884
0883987490
0864814057
0937136512
0812948289
0379341792
0933288260
0816870533
0355306024
0934680581
0839043261
0339881275
0898162088
0361928037
0767529059
0945545631
0974810090
0792412576
0841636832
0972401070
0768335870
0823572855
0353265146
0798822969
0949672342
0386120097
0784029748
0841990211
0362665152
0765807832
0914277549
0341938467
0767617802
0911521985
0342629502
0789146452
0913528102
0382041769
0792319899
0853593985
0379548432
0903580476
0349268579
0702153187
0913841791
0369701006
0765958667
0885876573
0341631097
0702639976
0941505438
0364874010
0765688000
0826136031
0987427245
0894251713
0846226089
0391461441
0791370787
0832269733
0386199395
0769412472
0917877361
0979926989
0894289398
0856902605
0982213069
0793674625
0917232573
0356295997
0894351846
0821859425
0978315506
0939764478
0919213182
0362870245
0908271293
0846753998
0372140160
0934004419
0844663900
0352412618
0763140350
0885296505
0393789277
0772717837
0912849275
0861670782
0794373686
0856689981
0365191943
0935200935
0916593137
0326831385
0898060127
0846017137
0336670996
0939590863
0834157795
0361477048
0902042769
0918211181
0981816509
0903480176
0813785434
0967917569
0771554304
0818491655
0986186402
0772596626
0848323454
0863630052
0762628831
0822183332
0345327272
0896750658
0859963563
0358050471
0903724913
0828165672
0334297937
0934017537
0946884775
0862872778
0762583882
0943707102
0365607073
0781906778
0884433027
0868797119
0705389901
0884010936
0359829436
0761808656
0941036997
0352286908
0772025833
0945999915
0963658499
0761729720
0833352497
0977015473
0766541678
0911095510
0374677521
0789740738
0945030231
0866987196
0898841370
0821266646
0863056735
0781302309
0831001076
0386790942
0895289643
0887611708
0341329026
0893217127
0814060538
0329733127
0778686894
0814586384
0388440341
0769233301
0839544313
0973581136
0707372839
0815303268
0868314264
0764739101
0838045967
0328668298
0707380748
0915576662
0375113169
0783583079
0827567300
0321690217
0703839295
0837213422
0968189457
0792676504
0817367611
0356254415
0768144701
0888447286
0335716672
0897189279
0839453207
0974142805
0704203301
0819168174
0391325872
0704895169
0832413580
0368081920
0781810834
0913304190
0398157613
0771170823
0819074943
0385596924
0781510888
0816518951
0864016240
0786327072
0882599504
0389016883
0764228287
0841000966
0322956265
0708736448
0916773134
0962637873
0895708879
0887150135
0387163518
0704379188
0817438829
0372808776
0778418682
0829597649
0388635000
0898850468
0825135876
0344640633
0798476188
0917410220
0382395381
0897737400
0831321369
0977355629
0773406811
0851440577
0864380530
0907190887
0863016379
0779147613
0821586623
0372610997
0933148444
0813924567
0378019156
0788860350
0835239741
0983053452
0896631567
0832026370
0866770858
0764788106
0855617678
0344326477
0893748045
0834646342
0368481725
0892086478
0848184388
0357439657
0703189455
0835329129
0366576274
0938179626
0842793206
0333098017
0776681690
0918854773
0382884452
0906450345
0833445584
0358128892
0794240364
0884334951
0334380113
0766189102
0949845584
0358786233
0781936951
0859266942
0377958655
0701434523
0812869199
0368678566
0899985742
0838173375
0341295624
0701179535
0811623378
0964663022
0761073610
0819763291
0327322589
0799084882
0859143333
0394475616
0772121495
0835212318
0336883215
0786791577
0854275839
0982525712
0793494108
0814148333
0362188258
0936462233
0842129474
0987950506
0771204992
0842905241
0865488767
0708032452
0841261952
0973404147
0795731653
0854985896
0964365091
0892746536
0948759099
0977726190
0777593701
0948609977
0979377499
0938083013
0825165230
0397772421
0782472891
0851828243
0349114503
0795291275
0814580221
0366742772
0894779666
0849899480
0323168213
0776277933
0839368546
0346006626
0897995097
0854845048
0391274115
0791977099
0812565282
0867567499
0783959446
0943808068
0327542910
0774413621
0941415456
0354739132
0794620617
0885297063
0937573030
0816420684
0368003673
0783370529
0853029930
0868405220
0904258278
0884408282
0869598296
0701645853
0845232376
0342315630
0936316769
0943342342
0985590223
0799025245
0827443072
0356245105
0761598277
0886603714
0396011088
0778639551
0843510862
0984747562
0903401656
0822744613
0359654843
0931959611
0884349546
0986053967
0895666144
0824600576
0341695777
0796176480
0943621159
0347230739
0776032797
0832086336
0385715794
0778167300
0858276269
0378823068
0905708239
0856298320
0339629465
0934433718
0826987461
0374858378
0783158582
0918998046
0361119286
0701155864
0841872868
0868448009
0798194732
0828779525
0326153430
0937565157
0834198267
0346257032
0774202030
0911827020
0786205372
0842175730
0326067931
0934109506
0886489816
0384154686
0778001476
0847103470
0367254992
0938551934
0916695644
0393879518
0901054109
0817637531
0982390899
0778418270
0834502363
0386951880
0934703364
0886740230
0387771231
0932634862
0826399487
0334367351
0895328705
0811558284
0362557867
0898205757
0882164458
0394495200
0797603348
0836030835
0371984230
0708688499
0916722671
0394033659
0939722349
0849694637
0989083851
0937943928
0829028830
0327514174
0898619166
0857443407
0961554796
0892517833
0821631489
0352251463
0702668805
0941325176
0382464128
0772036901
0883986784
0985047858
0932269452
0851184937
0378010770
0705341441
0913662919
0375320937
0705925453
0814351547
0394040660
0789000805
0947813902
0979078599
0906886684
0838298644
0331035857
0908284485
0821393612
0869573033
0896906275
0856437568
0963134429
0893413060
0844531300
0349976999
0781675909
0816612549
0351082011
0708144894
0845505990
0975408311
0764563348
0884404707
0386903077
0765540719
0842662110
0398703697
0905184214
0843708312
0386273388
0768171726
0881496946
0982014016
0766552781
0845666248
0966597113
0939106713
0911961016
0331358116
0761721565
0945076770
0347690805
0709949967
0813764241
0868021017
0789115623
0836667773
0381853811
0763542181
0857188651
0372988598
0892094189
0941869561
0394395311
0891101302
0814570113
0965321522
0765372898
0836223555
0344340320
0773305793
0917616957
0373792483
0795988680
0836552569
0969649238
0779973645
0827735485
0395638498
0796294050
0818901148
0381333000
0782757942
0947663526
0391249802
0773094454
0882209747
0392615086
0901285541
0818719701
0374304184
0706041778
0914644769
0962349603
0892366551
0857087041
0361312960
0938001234
0814709909
0393426359
0706434659
0816669759
0985770097
0701545708
0841186099
0322308406
0705794299
0823287056
0383489093
0707208804
0855829214
0398359075
0706398221
0883808234
0391984414
0781475863
0837440066
0983919357
0773536868
0829749462
0862189442
0901231182
0832475129
0981639808
0776040085
0835756233
0362575458
0936091613
0884539906
0388193434
0785474455
0853498894
0371309270
0799368069
0919038720
0334695241
0939408495
0914110974
0382214361
0936246792
0851747061
0352050742
0782804741
0832630988
0975744165
0788218794
0918867615
0971287703
0778144976
0814308297
0962978978
0763059558
0825884449
0865334570
0797675631
0825014827
0324290333
0774107498
0829406197
0969067269
0937892144
0856223032
0367931884
0773999621
0883867667
0386215083
0791086136
0854809987
0327629321
0934911392
0886871415
0339101053
0902441595
0856506023
0863224526
0707402455
0843574707
0339526928
0909419740
0888484221
0373170959
0939532524
0834210534
0396028891
0767175044
0824659756
0389040453
0898067581
0886564533
0396554387
0709816983
0812672478
0782209207
0813478627
0988999135
0708961098
0941428912
0336805691
0703201703
0887246154
0369282210
0704571055
0817705091
0989307122
0775778744
0816416755
0328191015
0894342906
0917049276
0383338028
0767250235
0858837183
0389335962
0773407779
0827034429
0384049182
0707850106
0883698584
0984950888
0937358912
0833133490
0869322742
0785880658
0848810021
0967117522
0794445557
0918177535
0373729587
0907499978
0947785980
0365446709
0781199754
0848408295
0971797312
0901889419
0858929583
0341569257
0897966057
0848687027
0378319734
0933355211
0914581893
0324441695
0709423399
0945577745
0963998477
0933283561
0881180169
0898959612
0845605551
0366488166
0909906079
0839545599
0391282485
0781915273
0914221394
0361175184
0704052210
0917033343
0399920840
0782542744
0885238739
0325666746
0775542546
0886805687
0385372470
0781640963
0811413762
0973241981
0705794217
0824937603
0866582815
0765861619
0853824407
0327135446
0774261029
0945124326
0974822859
0708247079
0813878717
0332867414
0795703231
0824284211
0397299377
0782710251
0916730364
0383206705
0783465824
0857804696
0365130870
0784953424
0855681796
0366371748
0763851369
0817431119
0986790060
0773469523
0836574322
0365770855
0796540472
0827624287
0375808925
0904294748
0814526774
0322723673
0935036071
0818203913
0863174684
0932834646
0887142868
0399692679
0788761905
0883775852
0331015515
0772873079
0817503046
0377339846
0776969632
0848145210
0397452501
0701586962
0885298777
0972567786
0781958410
0946095408
0786245929
0859277411
0986116944
0766448411
0948461879
0392781328
0797296924
0944545908
0977946986
0797888070
0941476624
0369272954
0799617858
0841534497
0967637131
0794194869
0948108100
0866925657
0937045572
0817135199
0988345572
0705474359
0841535909
0863589658
0785770898
0815069749
0964232342
0765474176
0837989989
0323288979
0905649675
0828263443
0982470039
0934594080
0912105606
0335762333
0906605496
0834139297
0334664911
0777709656
0945168741
0341956165
0777389775
0841670905
0368652255
0937543914
0823469750
0357672603
0904729303
0824466488
0328993374
0776686723
0852224319
0328021183
0706474423
0856158904
0322643909
0766026395
0854260207
0327013922
0938200460
0817079502
0387280378
0893969412
0885119550
0322333431
0702544234
0881309134
0963748411
0709076241
0858271240
0365203207
0784797091
0847882425
0353429644
0767197721
0834239029
0987346140
0765199262
0841198220
0365152492
0796978616
0832298504
0969764652
0793211544
0914337415
0983934308
0768922223
0944565492
0983010897
0891212957
0915556539
0337271963
0782266850
0814154813
0971210282
0894860344
0844310177
0324196534
0901471298
0813102085
0359066390
0906086297
0849908627
0347594192
0764991641
0827828147
0973351152
0766782286
0822765329
0377699641
0706158090
0821767661
0975834572
0799517057
0844854724
0326643344
0785052851
0815330571
0345806541
0787641736
0823987999
0371347018
0769320690
0841913805
0329415945
0791626459
0811730044
0861871887
0905399028
0946228551
0384414045
0909901098
0818286547
0983235846
0781327389
0854779684
0388006861
0779845942
0836647627
0869680791
0895624286
0828698065
0972544261
0769493262
0814819369
0381216338
0707746895
0833875299
0384747174
0905065231
0812717937
0342992412
0901564156
0388716441
0771318011
0884536033
0977516152
0704556433
0883907635
0961073958
0909882197
0828872898
0351153376
0788719958
0816771308
0387923864
0901115323
0838238065
0868155097
0766277017
0949289668
0987656276
0894321338
0848363373
0376341524
0901169372
0818529229
0989400775
0769322461
0881619814
0366687879
0902455251
0833889447
0862544543
0778454908
0859288105
0974510352
0899037154
0811719184
0369143552
0908103079
0818469115
0324067562
0897038461
0941331118
0395666798
0932817053
0942585704
0359963964
0891275747
0914663974
0388596577
0795379361
0883750164
0399174815
0768946385
0856126679
0961967223
0905790568
0847051419
0384539849
0704888283
0916817245
0989776403
0787212589
0846562225
0323986586
0792090903
0948492428
0371736297
0764565920
0834088934
0366210019
0771323788
0826377570
0963464006
0773729415
0945372535
0869778453
0794330180
0835933631
0989783296
0782951718
0813646818
0335658533
0707299480
0945030992
0337906046
0903001024
0847003408
0353145646
0762924393
0854155114
0372298551
0904738986
0846246615
0335399310
0772007747
0822201304
0371973651
0702241693
0811768116
0394394022
0763328873
0824742279
0337073378
0707862731
0965168271
0763806257
0831208849
0863049184
0937312892
0884359982
0861305364
0789744298
0824175366
0971612485
0704930933
0828556610
